tempo 11100
note 10 439 1 60 55
note 1054 1454 1 67 43
note 1054 1454 1 71 57
note 1559 1791 1 74 62
note 1807 2053 1 79 62
note 2069 2271 1 81 65
note 2069 2271 1 60 53
note 2579 3053 1 83 62
note 3072 3152 1 81 63
note 3084 3481 1 69 43
note 3084 3481 1 71 57
note 3144 3224 1 83 62
note 3216 3562 1 81 57
note 3589 4065 1 79 62
note 4100 4535 1 86 67
note 4100 4535 1 60 55
note 5150 5550 1 67 43
note 5150 5550 1 71 57
note 5655 5887 1 74 62
note 5903 6149 1 79 62
note 6165 6367 1 81 65
note 6165 6367 1 60 53
note 6675 7149 1 83 62
note 7168 7247 1 81 63
note 7180 7577 1 69 43
note 7180 7577 1 71 57
note 7239 7318 1 83 62
note 7310 7658 1 81 57
note 7685 8161 1 79 62
note 8196 8631 1 85 67
note 8196 8631 1 59 55
note 9246 9646 1 66 43
note 9246 9646 1 69 57
note 9751 9983 1 73 62
note 9999 10245 1 76 62
note 10261 10463 1 78 65
note 10261 10463 1 59 53
note 10771 10968 1 79 62
note 11264 11344 1 81 63
note 11276 11673 1 64 43
note 11276 11673 1 69 57
note 11336 11416 1 83 62
note 11408 11995 1 81 57
note 12029 12272 1 86 62
note 12292 12727 1 83 62
note 12292 12727 1 59 55
note 13342 13742 1 66 43
note 13342 13742 1 69 57
note 14357 14757 1 59 53
note 15372 15769 1 67 43
note 15372 15769 1 69 57
note 16394 16823 1 86 67
note 16394 16823 1 60 55
note 17438 17838 1 67 43
note 17438 17838 1 71 57
note 17943 18175 1 74 62
note 18191 18437 1 79 62
note 18453 18655 1 81 65
note 18453 18655 1 60 53
note 18963 19437 1 83 62
note 19456 19536 1 81 63
note 19468 19865 1 69 43
note 19468 19865 1 71 57
note 19528 19608 1 83 62
note 19600 19946 1 81 57
note 19973 20449 1 79 62
note 20484 20919 1 86 67
note 20484 20919 1 60 55
note 21534 21934 1 67 43
note 21534 21934 1 71 57
note 22039 22271 1 74 62
note 22287 22533 1 79 62
note 22549 22751 1 81 65
note 22549 22751 1 60 53
note 23059 23533 1 83 62
note 23552 23631 1 81 63
note 23564 23961 1 69 43
note 23564 23961 1 71 57
note 23623 23702 1 83 62
note 23694 24042 1 81 57
note 24069 24545 1 79 62
note 24580 25015 1 85 67
note 24580 25015 1 59 55
note 25630 26030 1 66 43
note 25630 26030 1 69 57
note 26135 26367 1 76 62
note 26383 26629 1 78 62
note 26645 26847 1 81 65
note 26645 26847 1 59 53
note 27155 27352 1 83 62
note 27660 27901 1 88 63
note 27660 27901 1 64 43
note 27660 27901 1 69 57
note 27917 28382 1 86 62
note 28413 28656 1 85 62
note 28676 29111 1 81 62
note 28676 29111 1 59 55
note 29726 30126 1 66 43
note 29726 30126 1 69 57
note 30741 31141 1 59 53
note 31756 32153 1 67 43
note 31756 32153 1 69 57
note 32772 33207 1 83 59
note 32772 33207 1 86 73
note 32772 33207 1 60 55
note 33822 34222 1 67 43
note 33822 34222 1 71 57
note 34327 34559 1 71 54
note 34327 34559 1 74 68
note 34575 34821 1 76 54
note 34575 34821 1 79 68
note 34837 35039 1 78 57
note 34837 35039 1 81 71
note 34837 35039 1 60 53
note 35347 35821 1 79 54
note 35347 35821 1 83 68
note 35840 35920 1 78 54
note 35840 35920 1 81 55
note 35852 36249 1 69 43
note 35852 36249 1 71 57
note 35912 35992 1 83 68
note 35984 36330 1 81 49
note 36357 36833 1 76 68
note 36357 36833 1 79 54
note 36868 37303 1 83 73
note 36868 37303 1 86 59
note 36868 37303 1 60 55
note 37918 38318 1 67 43
note 37918 38318 1 71 57
note 38423 38655 1 71 68
note 38423 38655 1 74 54
note 38671 38917 1 76 68
note 38671 38917 1 79 54
note 38933 39135 1 78 71
note 38933 39135 1 81 57
note 38933 39135 1 60 53
note 39443 39917 1 79 68
note 39443 39917 1 83 54
note 39936 40015 1 78 68
note 39936 40015 1 81 69
note 39948 40345 1 69 43
note 39948 40345 1 71 57
note 40007 40086 1 83 54
note 40078 40426 1 81 63
note 40453 40929 1 76 54
note 40453 40929 1 79 68
note 40964 41399 1 78 59
note 40964 41399 1 85 73
note 40964 41399 1 59 55
note 42014 42414 1 66 43
note 42014 42414 1 69 57
note 42519 42751 1 73 62
note 42767 43013 1 76 62
note 43029 43231 1 78 65
note 43029 43231 1 59 53
note 43539 43736 1 79 62
note 44032 44112 1 81 63
note 44044 44441 1 64 43
note 44044 44441 1 69 57
note 44104 44184 1 83 62
note 44176 44763 1 81 57
note 44797 45040 1 86 62
note 45060 45495 1 74 54
note 45060 45495 1 83 68
note 45060 45495 1 59 55
note 46110 46510 1 66 43
note 46110 46510 1 69 57
note 47125 47525 1 59 53
note 48140 48537 1 67 43
note 48140 48537 1 69 57
note 49156 49591 1 79 59
note 49156 49591 1 83 59
note 49156 49591 1 86 73
note 49156 49591 1 60 55
note 50206 50606 1 67 43
note 50206 50606 1 71 57
note 50711 50943 1 66 54
note 50711 50943 1 71 54
note 50711 50943 1 74 68
note 50959 51205 1 71 54
note 50959 51205 1 74 54
note 50959 51205 1 79 68
note 51221 51393 1 74 57
note 51221 51393 1 78 57
note 51221 51393 1 81 71
note 51221 51393 1 60 53
note 51731 52205 1 74 54
note 51731 52205 1 79 54
note 51731 52205 1 83 68
note 52224 52302 1 73 54
note 52224 52302 1 81 55
note 52236 52633 1 78 55
note 52236 52633 1 69 43
note 52236 52633 1 71 57
note 52294 52372 1 83 54
note 52364 52714 1 81 63
note 52741 53217 1 71 54
note 52741 53217 1 76 54
note 52741 53217 1 79 68
note 53252 53687 1 79 59
note 53252 53687 1 83 59
note 53252 53687 1 86 73
note 53252 53687 1 60 55
note 54302 54702 1 67 43
note 54302 54702 1 71 57
note 54807 55039 1 67 54
note 54807 55039 1 71 54
note 54807 55039 1 74 68
note 55055 55301 1 67 54
note 55055 55301 1 74 54
note 55055 55301 1 79 68
note 55317 55489 1 74 57
note 55317 55489 1 78 57
note 55317 55489 1 81 71
note 55317 55489 1 60 53
note 55827 56301 1 74 54
note 55827 56301 1 79 54
note 55827 56301 1 83 68
note 56320 56399 1 69 54
note 56320 56399 1 81 55
note 56332 56729 1 78 55
note 56332 56729 1 69 43
note 56332 56729 1 71 57
note 56391 56470 1 83 54
note 56462 56810 1 81 63
note 56837 57313 1 74 54
note 56837 57313 1 76 54
note 56837 57313 1 79 68
note 57348 57783 1 78 59
note 57348 57783 1 85 73
note 57348 57783 1 59 55
note 58398 58798 1 66 43
note 58398 58798 1 69 57
note 58903 59135 1 69 54
note 58903 59135 1 73 54
note 58903 59135 1 76 68
note 59151 59397 1 71 54
note 59151 59397 1 74 54
note 59151 59397 1 78 68
note 59413 59585 1 73 57
note 59413 59585 1 76 57
note 59413 59585 1 81 71
note 59413 59585 1 59 53
note 59923 60397 1 74 54
note 59923 60397 1 78 54
note 59923 60397 1 83 68
note 60428 60669 1 81 55
note 60428 60669 1 88 69
note 60428 60669 1 64 43
note 60428 60669 1 69 57
note 60685 61150 1 78 54
note 60685 61150 1 86 68
note 61181 61424 1 76 54
note 61181 61424 1 85 68
note 61444 61879 1 74 54
note 61444 61879 1 81 68
note 61444 61879 1 59 55
note 62494 62894 1 66 43
note 62494 62894 1 69 57
note 63509 63909 1 59 53
note 64524 64921 1 67 43
note 64524 64921 1 69 57
note 65540 65975 1 86 67
note 65540 65975 1 63 55
note 66590 66990 1 70 43
note 66590 66990 1 74 57
note 67095 67327 1 82 62
note 67343 67589 1 84 62
note 67605 68005 1 86 65
note 67605 68005 1 63 53
note 68115 68589 1 89 62
note 68620 69017 1 94 63
note 68620 69017 1 72 43
note 68620 69017 1 77 57
note 69373 69616 1 93 62
note 69636 69913 1 91 67
note 69636 69913 1 63 55
note 69929 70162 1 89 62
note 70178 71086 1 86 62
note 70686 71086 1 70 43
note 70686 71086 1 74 57
note 71701 72101 1 63 53
note 72716 73113 1 72 43
note 72716 73113 1 74 57
note 73732 74167 1 85 67
note 73732 74167 1 62 55
note 74782 75182 1 69 43
note 74782 75182 1 73 57
note 75287 75519 1 81 62
note 75535 75781 1 83 62
note 75797 76197 1 86 65
note 75797 76197 1 62 53
note 76307 76781 1 88 62
note 76812 77209 1 93 63
note 76812 77209 1 71 43
note 76812 77209 1 76 57
note 77565 77808 1 95 62
note 77828 78263 1 90 62
note 77828 78263 1 62 55
note 78878 79278 1 69 43
note 78878 79278 1 73 57
note 79893 80293 1 62 53
note 80908 81305 1 71 43
note 80908 81305 1 74 57
note 81924 82359 1 63 55
note 82974 83374 1 70 43
note 82974 83374 1 74 57
note 83479 83711 1 82 62
note 83727 83973 1 84 62
note 83989 84389 1 86 65
note 83989 84389 1 63 53
note 84499 84973 1 89 62
note 85004 85401 1 94 63
note 85004 85401 1 72 43
note 85004 85401 1 77 57
note 85757 86000 1 93 62
note 86020 86297 1 91 67
note 86020 86297 1 63 55
note 86313 86546 1 89 62
note 86562 87039 1 86 62
note 87070 87470 1 84 63
note 87070 87470 1 70 43
note 87070 87470 1 74 57
note 87575 88054 1 89 62
note 87808 87936 1 88 62
note 87936 88064 1 87 62
note 88072 89497 1 86 57
note 88085 88485 1 63 53
note 89100 89497 1 72 43
note 89100 89497 1 74 57
note 90116 90551 1 62 55
note 91166 91566 1 69 43
note 91166 91566 1 73 57
note 91671 91903 1 81 62
note 91919 92165 1 83 62
note 92181 92581 1 85 65
note 92181 92581 1 62 53
note 92691 93165 1 88 62
note 93196 93593 1 93 63
note 93196 93593 1 71 43
note 93196 93593 1 76 57
note 93949 94192 1 90 62
note 94212 94647 1 92 67
note 94212 94647 1 64 55
note 95262 95662 1 71 43
note 95262 95662 1 75 57
note 95767 95999 1 83 62
note 96015 96261 1 85 62
note 96277 96677 1 87 65
note 96277 96677 1 64 53
note 96787 97261 1 90 62
note 97292 97689 1 95 63
note 97292 97689 1 73 43
note 97292 97689 1 75 57
note 98045 98288 1 92 62
note 98308 98743 1 94 62
note 98308 98743 1 66 55
note 99358 99758 1 73 43
note 99358 99758 1 78 57
note 100373 100773 1 66 53
note 101388 101585 1 71 43
note 101388 101585 1 78 57
note 101893 102092 1 68 50
note 102404 106495 1 70 42
note 102404 106495 1 78 56